736 728 319 272 830 457 454 164 460 400 968 763 6 539 730 569 672 663 752 565 120 299 266 570 29 238 439 83 926 427 754 287 271 466 453 276 549 498 640 516 272 508 587 855 646 693 958 481 925 738 164 356 418 394 440 678 547 194 845 992 742 644 873 536 580 1 407 353 624 365 491 580 378 102 282 286 238 828 381 877 633 917 903 436 904 215 268 852 520 256 955 191 612 245 912 119 991 781 472 92 832 114 797 252 170 482 288 366 187 314 546 381 674 805 765 63 211 478
42 779 866 549 725 305 646 315 378 836 260 446 790 374 457 989 398 34 75 402 821 554 643 372 572 471 458 428 489 300 529 599 318 524 500 412 134 553 695 654 101 940 899 836 284 284 917 855 570 226 854 927 146 350 399 181 294 611 428 747 664 737 732 752 482 370 335 642 150 616 329 770 553 9 856 465 1 318 512 591 61 602 998 470 482 836 639 381 689 444 765 352 180 965 831 427 133 95 762 199 937 100 492 632 329 782 826 941 961 539 588 865 895 480 317 685 94 760 912 998 191 364 797 639 728 518 965 331 788 799 871 815 844 134 491 897 832 531 40 945 758 958 929 284 880 384 82 732 565 706 299 208 378
47 481 936 288 687 686 528 982 7 871 365 474 993 668 865 549 297 530 151 161 164 941 8 276 771 954 76 494 924 599 583 849 822 424 586 936 739 444 641 463 485 99 811 52 250 772 791 436 1 680 599 597 850 983 898 362 225 72 941 483 535 720 554 372 962 891 162 730 924 243 762 258 15 610 948 408 400 490 933 143 231 401 538 676 278 996 220 907 196 684 930 101 275 378 308 348 890 974 176 45 44 787 804 312 957 550 932 966 257 522 338 703 73 897 280 436 955 476 298 762 12 487 605 143 572 722 18 825 867 668 969 921 460 314 428 288
896 832 828 377 567 427 803 490 316 841 579 67 979 897 503 4 717 826 75 248 27 144 335 795 976 144 576 125 674 630 297 668 488 545 251 706 259 944 438 284 811 129 249 727 744 988 180 388 129 613 546 143 334 134 396 249 375 77 260 308 687 574 718 411 751 648 785 877 811 112 481 522 272 849 615 746 815 713 963 146 999 778 790 267 553 946 163 64 514 638 905 280 427 904 445 561 759 201 714 732 636 458 176 870 832 413 124 260 454 66 651 761 971 902 828 66 530 399 323 177 897 387 500 119 482 373 757 870 842 76 448 554 853 710 603 293 300 297 491 797 154 140 109 386 760 7 227 305 396 882 41 677 704 819 599 662 433 310 433 75 737 851 628 816
371 594 763 165 54 907 152 262 946 405 285 187 805 431 61 426 436 961 488 883 188 828 822 481 234 528 494 399 487 962 978 942 986 308 72 870 154 360 733 542 466 745 396 98 839 505 246 82 957 88 224 506 218 316 156 218 769 1 663 250 373 112 835 199 346 771 71 26 706 657 761 550 70 638 659 665 217 726 70 466 331 760 290 224 186 97 270 531 160 53 691 230 214 613 678 286 697 225 183 288 445 894 198 499 586 822 775 378 822 99 183 336 166 14 69 72 123 433 240 250 759 672 993 57 401 191 190 242 205 616 595 753 543 561 39 200 80 423 211 766 568 549 930
737 623 932 951 970 557 565 915 994 170 666 273 244 512 204 672 766 275 188 754 169 138 454 366 585 232 645 641 607 538 751 557 73 936 639 729 903 264 171 726 169 437 167 805 253 910 492 956 34 898 79 659 337 593 615 636 123 542 506 828 743 628 123 305 788 618 501 547 743 233 438 238 165 160 133 360 379 494 175 225 401 629 360 833 777 179 666 679 935 8 453 978 424 987 406 224 688 994 798 938 236 270 5 31 351 841 401 765 635 52 507 161 247 655 109 146 896 51 696 624 745 689 298 535 91 429 694 325 601 894 164 793 954 66 642 424
445 779 875 408 696 109 575 423 556 120 830 365 9 97 205 242 215 754 358 412 566 707 920 205 585 97 359 86 694 500 668 572 318 566 753 509 45 394 609 555 429 772 758 734 817 980 707 917 672 504 891 343 448 971 277 63 989 340 934 121 215 857 486 321 262 429 987 441 241 249 29 307 45 807 689 331 284 799 394 169 413 369 508 366 108 170 20 889 889 398 946 133 970 876 291 816 790 491 690 840 30 785 794 701 217 728 453 564 651 987 100 295 105 306 136 699 723 534 608 455 516 574 780 243 382 723 411 529 292 63 705 943 900 636
79 649 650 615 452 618 377 163 517 58 436 497 673 760 737 670 110 79 131 50 992 560 932 209 613 828 621 585 447 962 833 720 21 970 33 55 399 188 861 629 158 435 309 822 120 997 293 350 861 720 137 126 4 123 948 18 479 858 337 688 826 139 723 97 554 506 860 102 305 803 897 968 383 963 304 104 29 119 266 890 788 619 698 167 345 873 288 741 641 683 306 724 820 449 857 394 922 470 515 905 59 257 229 313 415 126 242 491 722 677 53 219 545 650 855 846 876 633 338 920 114 928 54 530 606 595 421 584 101 678 521 68 241 286 439 623 91 266 193 391 735 955 976 284 440 833 754 278 22 617 515 418 651 49 934 146 241 896 926 25 94 383 570 946 112 194 567 655 169 681 490 661 410 839 805 24 92 317 563 442 505 700 254 268
304 747 508 155 149 579 844 616 923 877 870 63 48 542 197 281 883 492 843 386 910 837 50 988 785 729 219 18 380 259 265 457 484 745 387 194 446 964 269 84 988 889 802 649 869 904 835 406 521 234 798 607 512 634 506 36 498 885 127 109 77 478 407 80 848 896 833 476 523 382 386 704 694 106 217 119 731 405 259 998 278 63 295 51 643 985 440 705 113 165 223 799 518 30 339 951 326 191 348 735 715 23 729 474 972 999 144 368 81 332 14 357 195 71 270 47 62 419 192 276 295 522 230 244 890 333 840 518 571 369 11 326 260 756 843 199
65 126 298 699 116 576 62 574 502 886 316 120 397 459 772 989 445 602 687 876 800 251 246 832 228 578 225 655 557 215 812 509 849 38 669 141 968 670 537 889 814 613 867 223 635 33 686 171 196 418 780 831 657 36 257 263 513 260 722 83 964 906 279 194 31 808 640 369 790 577 824 197 466 496 982 548 26 536 256 125 677 38 918 509 86 159 342 13 773 944 942 810 490 642 968 397 401 116 512 15 867 326 192 291 7 756 29 535 896 195 203 773 814 307 302 52 104 690 784 117 586 440 424 983 611 874 586 764 101 665 123 904 875 363 948 607 393 913 226 905 932 431 868 114 102 642 238 380 680 62 313 582 385 430 535 544 676 995 772 448 204 133 687 575 833 296 47 7 860 77 369 221 250 297 855 494 196 929 135 421 318 433 5 258 778 974 987 9 785 885 476 389 360 15 604 732 610 417 351
252 920 781 297 597 261 603 465 296 83 404 21 155 730 955 335 136 688 676 991 47 870 146 644 344 342 46 808 215 895 588 541 56 712 502 12 762 754 93 22 655 624 346 604 977 363 127 245 152 314 183 363 843 934 426 590 512 311 256 983 704 666 785 873 236 713 358 877 60 402 890 416 937 186 465 675 913 577 764 974 153 604 823 814 622 513 449 583 180 547 731 899 101 390 377 996 66 435 231 564 397 992 745 409 886 10 366 11 599 472 184 763 409 156 935 640 721 145 273 143 187 263 623 991 363 609 592 946 62 842 277 188 219 783 377 289 223 640 630 889 953 443 570 538 259 392 848 960 634 308 666 920 292 617 541 399 431 693 464 818 996 484 864 946 203 158 286
224 37 508 941 325 853 810 87 65 861 691 242 190 76 880 592 30 385 835 931 8 235 735 975 796 948 276 712 858 50 713 444 99 834 184 76 791 619 56 668 26 762 609 77 799 2 168 913 880 924 1000 178 195 24 264 794 813 103 50 324 157 870 280 339 927 728 222 186 468 648 157 626 685 605 226 615 656 910 530 966 27 395 929 595 602 338 682 74 529 904 23 560 283 632 433 92 400 89 179 535 100 523 441 871 116 516 110 893 203 27 753 136 825 972 160 285 783 628 667 841 183 645 262 995 688 602 295 664 188 538 74 49 615 431 854 645 195 439 96 575 18 711 796 468 864 896 159 886 929 202 435 964 869 544 620 219 735 252 536 467 247 53 692 494 860 275 566 492 142 456 390 371 846 920 443 965 823 60 421 652 542 281 44 885 545
508 8 337 248 946 621 849 414 273 437 872 581 309 680 268 121 37 297 979 766 907 762 319 15 216 730 812 185 563 560 508 205 311 590 637 308 458 273 563 347 195 821 105 287 643 888 428 781 654 492 471 506 733 18 300 405 754 202 98 334 577 61 353 494 876 698 74 73 514 755 617 19 1000 162 387 36 689 898 592 385 461 653 425 758 820 847 11 259 359 396 779 808 679 855 215 948 200 678 208 683 136 89 654 636 989 454 39 917 660 377 415 521 166 766 654 730 145 463 388 175 174 403 425 708 483 714 524 927 372
921 354 491 352 711 985 865 885 650 527 646 716 408 796 734 660 716 500 685 727 788 554 371 67 211 609 318 498 463 636 348 338 570 739 725 576 261 921 377 512 228 458 11 309 690 682 959 7 256 231 669 73 86 826 954 540 998 970 212 7 468 791 898 76 634 62 111 153 579 159 242 788 793 932 11 502 756 32 747 348 248 455 969 984 800 537 769 18 359 109 75 868 2 881 910 659 408 92 622 914 145 676 42 312 24 146 805 83 81 694 832 259 988 82 372 505 641 309 7 37 341 978 217 134 834 443 165 30 44 200 468 185 643 10 105 712 765 45 698 953 725 334 794 228 518 741 350 111 313 128
496 581 86 263 714 60 626 965 551 985 196 639 997 583 187 110 895 420 619 682 97 529 442 501 809 637 240 84 270 749 99 876 733 123 82 469 379 447 427 908 172 961 370 209 934 228 458 733 285 656 998 137 277 720 112 204 292 875 44 939 75 203 755 860 85 2 613 744 110 802 171 858 21 849 937 860 435 364 204 874 239 711 754 653 683 386 635 741 551 837 265 696 160 553 975 272 135 409 910 725 240 506 33 938 716 938 723 634 850 33 413 289 505 791 778 94 864 991 413 258 32 818 475 351 465 95 267 979 798 821 475 709 974 214 272 579 599 19 843 492 997 137 276 497 778 392 43 634 398 666 820 726 843 963 99 838 702 270 763 406 482 187
172 288 342 154 279 862 804 928 505 885 571 756 420 33 714 432 421 144 730 111 359 616 460 257 388 432 855 774 777 535 347 197 140 495 744 409 925 768 266 231 575 256 780 730 58 79 299 847 881 417 349 38 42 366 791 984 858 753 231 42 578 429 265 936 1 929 350 178 585 216 427 292 755 111 163 87 134 282 442 279 418 523 792 573 845 255 523 200 235 801 366 926 837 60 120 889 27 498 591 971 211 602 91 880 970 519 92 219 326 615 575 19 950 888 188 449 690 709 763 775 897 241 178 659 278 244 215 175 636 791 630 508 931 623 803 380 936 522 537 375 379 397 248 757 744 44 452 398 89 344 503 430 487 869 696 322 654 735 267 242 312 402 919 765 345 516 724 371 360 415 722 346 148 7 123
795 276 467 639 652 698 6 72 366 933 837 726 972 893 971 778 598 354 646 440 790 978 902 564 100 487 82 200 212 340 91 269 794 598 89 488 542 527 861 797 15 870 654 415 330 900 973 295 593 601 727 341 586 657 893 970 183 529 310 992 290 323 594 19 195 754 503 678 105 72 261 589 609 805 863 825 879 2 827 966 372 625 669 871 595 908 53 128 466 85 99 605 141 929 243 364 31 862 131 748 458 350 208 415 423 991 421 466 852 723 612 369 591 167 265 949 315 940 609 188 885 813 709 521 248 197 108 463 637 100 996 385 685 26 519 818 43 778 897 491 948 307
474 469 588 666 70 918 388 68 822 285 703 235 320 275 229 694 372 624 88 448 348 605 860 879 922 319 582 666 395 242 768 496 795 995 880 224 18 563 286 79 498 668 403 403 128 297 694 692 545 399 476 628 150 622 666 660 822 101 300 198 708 449 972 675 200 107 639 884 814 904 713 287 965 330 875 615 547 846 432 666 714 85 750 655 573 841 654 377 808 528 81 955 680 548 122 147 223 730 671 160 128 863 27 268 396 105 571 320 264 318 519 123 109 669 153 204 220 405 50 417 268 499 256 463 674 902 581 395 369 121 39 907 898 175 951 113 507 151 869 715 169 879 219 299 461 443 428 67 770 347 343 172 385 95 653 6 573 520 552 529 751 926 970 74 653 639 59 954 798 206 780 941 453 253 116 355 804 88 706 7 233 817 750
726 655 409 961 622 908 703 879 533 108 675 52 438 468 816 918 418 760 599 726 961 559 588 782 317 380 888 592 513 799 679 484 410 355 297 80 886 564 674 433 97 27 412 117 416 864 564 582 764 873 754 258 476 367 396 926 263 797 250 653 300 191 677 716 540 204 507 24 675 922 80 580 80 199 60 763 287 336 311 517 556 994 494 776 543 515 173 565 792 204 618 917 454 956 537 878 549 362 114 658 191 123 984 431 857 412 20 690 952 284 477 504 315 926 678 965 256 244 330 613 732 588 586 145 792 212 780 394 618 487 162 554 216 278 61 762 34 329 473 440 805 811 772 86 369 387 961 463 209 521 457 928 332 137 374 166 384 1 698 842 594 830 415 708 532 991 634 34 764 606 725 69 404
557 45 340 167 640 330 395 453 693 855 91 113 10 295 800 921 469 568 947 818 231 289 26 528 309 229 485 18 900 871 942 100 318 662 678 170 45 118 164 156 639 956 501 356 680 362 701 788 407 408 929 554 577 212 324 972 975 568 873 588 651 27 44 525 257 512 876 705 809 913 622 196 353 690 626 51 225 369 255 812 296 393 655 921 482 32 213 348 422 669 434 383 227 232 217 43 898 548 198 116 230 93 719 190 734 941 903 692
201 931 449 680 107 235 193 80 531 623 567 248 865 206 84 643 428 937 884 490 167 587 912 417 200 789 189 408 597 456 755 84 880 850 69 207 463 899 769 538 409 971 760 567 415 731 882 238 907 996 346 393 52 208 974 336 208 656 826 57 985 78 12 906 768 7 996 122 477 550 912 776 222 448 836 63 788 282 782 985 154 904 757 192 368 701 357 27 852 775 668 420 251 266 10 97 766 768 908 535 140 720 300 19 215 237 910 110 535 43 263 367 913 877 199 546 14 922 238 282 511 783 225 683 96 441 494 722 525 551 375 51 739 461 659 494 732 374 287 280 442 742 235 69 272 219 921 373 208 170 260 776 427 166 518 34 469 620
41 385 22 176 378 275 687 462 828 65 383 285 47 207 33 379 111 183 312 118 950 497 741 836 427 243 16 763 34 168 198 829 822 637 647 501 773 713 124 588 375 872 556 533 679 465 477 836 867 132 302 381 425 10 302 325 377 366 643 846 138 416 771 218 575 728 166 274 326 175 493 991 90 54 155 980 529 427 787 808 207 38 202 740 234 344 311 46 679 210 579 704 65 694 385 996 707 761 255 81 7 593 186 138 625 263 644 605 55 363 35 61 78 606 495 896 192 792 415 531 593 994 195 468 577 711 162 999 155 784 756 993 268 237 502 262 353 78 501 640 423 513 648 401 925 861 639 3 855 424 958 404 91 1 553 58
635 960 655 278 850 163 435 166 49 28 550 728 305 808 651 599 608 513 829 872 1000 987 318 733 612 30 413 942 740 30 95 707 190 532 898 848 733 26 102 271 860 390 874 51 205 682 65 578 563 696 962 815 25 950 28 656 615 428 860 624 524 447 127 612 143 965 300 922 725 100 617 489 532 924 917 3 123 149 55 894 640 155 601 894 15 684 319 274 632 163 230 814 59 766 26 66 955 174 298 78 39 8 723 894 636 537 311 297 275 119 911 881 492 691 855 455 471 292 296 71 207 262 690 700 106 632 579 322 40 891 803 428 892 279 106 966 779 197 495 519 552 213 541 347 395 661 564 203 951 169 491
623 431 120 543 206 694 746 105 139 491 247 805 669 501 239 180 652 968 473 602 889 298 900 315 867 81 820 135 953 938 683 43 460 412 103 722 603 844 686 907 531 673 412 533 324 926 991 770 625 5 149 85 621 442 730 161 898 597 167 155 237 393 354 9 949 922 82 185 138 78 463 787 529 679 677 282 290 439 874 806 853 336 182 807 659 866 835 536 663 453 702 114 633 539 281 541 608 852 462 298 952 844 755 411 852 287 750 346 758 301 118 991 813 628 712 188 970 118 813 881 440 952 303 883 206 902 100 455 913 218 942 785 45 581 72 900 638 666 982 490 357 95 181 700 134 961 156
349 412 629 611 49 556 138 407 992 34 784 404 225 462 921 454 561 297 588 785 533 873 654 973 677 806 109 244 22 737 228 200 197 662 30 713 529 201 506 11 365 809 735 165 807 462 775 638 351 722 94 184 88 608 482 773 712 164 502 344 955 414 367 108 698 60 184 376 547 412 916 555 806 90 99 674 682 476 889 801 157 458 20 250 356 127 279 119 445 602 68 743 561 751 174 108 7 175 399 804 750 715 924 427 57 497 32 974 910 492 649 339 598 369 74 713 50 559 517 834 151 410 819 42 942 430 766 53 135 979 311 935 786 839 320 660 724 424 548 894 79 555 988 30 923 94 899 410 496 59 194 864 787 760 718 588 911 678 724 338 401 702
657 805 836 651 526 691 759 238 682 842 455 688 52 320 895 251 454 306 568 825 950 649 295 336 54 64 89 134 209 798 785 84 827 729 78 849 126 526 933 130 850 955 421 606 782 163 624 431 781 34 705 874 422 877 937 264 54 166 771 879 303 545 113 284 914 412 364 924 494 35 223 101 628 200 798 279 580 585 663 261 160 804 71 697 386 475 781 402 827 881 505 540 32 314 652 885 165 958 727 357 588 577 140 25 946
265 816 972 431 775 496 902 638 740 256 244 253 23 889 390 483 435 31 967 262 377 426 713 536 500 9 640 130 699 382 547 161 306 18 636 612 554 185 226 818 64 709 559 275 205 579 977 581 451 37 547 44 192 439 164 246 886 287 160 70 102 545 163 895 335 928 846 241 737 736 885 905 670 631 123 805 33 828 404 616 375 427 180 103 509 440 481 4 802 184 661 866 421 589 842 499 105 593 423 473 886 59 115 159 934 915 592 291 186 409 556 167 833 421 617 407 985 179 347 844 871 395 67 644 419 667 944 467 974 113 779 320 235 75 939 763 958 118 559 491 543 177 165 336 849 756 639 984 235 483 283 537 920 890 893 105 865 24 535
834 504 62 621 938 437 44 399 914 944 46 108 970 952 92 359 215 39 491 521 980 893 460 847 156 617 278 999 60 284 666 449 692 676 8 992 372 350 602 452 341 580 396 465 447 888 836 473 423 934 282 446 46 42 158 564 789 294 202 666 617 476 446 107 65 702 957 621 254 804 714 219 471 294 441 322 533 370 902 301 914 630 624 143 268 472 535 407 604 627 730 775 860 610 800 311 129 214 229 913 632 512 784 883 273 617 880 929 424 609 759 715 828 914 467 440
541 401 130 736 399 250 995 51 917 546 616 197 766 641 255 760 209 251 500 886 532 172 822 724 243 890 267 296 890 620 919 386 392 45 514 540 795 507 12 339 906 645 374 900 883 292 548 901 230 422 353 605 271 671 470 856 410 692 394 718 240 776 97 809 711 572 159 463 704 68 242 695 205 604 719 108 378 108 15 96 999 586 188 875 285 352 840 134 351 944 329 605 680 437 53 293 170 579 888 137 328 257 420 98 489 873 887 843 427 464 324 155 274 38 284 694 908 605 479 477 542 601 701 957 833 124 790 42 581 10 84 248 372 110 208 756 963 236 672 28 671 153 337 127 481 901 506 859 862 723 405 310 8 326 178 332 173 803
993 26 267 941 429 850 698 957 17 638 886 302 288 965 861 229 123 582 154 948 402 891 107 765 130 338 295 869 275 44 231 376 107 409 125 163 919 50 830 429 773 635 99 704 621 236 762 988 446 638 737 783 590 948 337 988 357 252 544 828 890 12 461 671 932 647 725 424 5 994 62 506 578 665 542 153 397 571 707 811 743 305 367 307 804 455 656 548 801 507 618 483 951 137 283 929 970 811 550 480 907 214 587 333 219 290 1 979 608 963 296 56 515 923 956 77 364 367 40 577 175 469 713 392 34 248 369 546 200 807 901
626 55 489 927 667 833 45 880 426 292 117 680 448 275 985 524 87 659 569 20 444 427 400 1 743 608 559 584 849 468 329 772 278 812 759 640 419 669 129 273 127 89 922 138 884 479 617 586 656 567 356 624 58 891 105 575 536 636 16 835 660 249 244 590 770 905 316 189 654 856 760 323 529 690 371 577 776 689 957 363 482 241 834 906 635 213 880 446 722 72 117 906 444 219 712 378 36 941 646 994
495 648 271 538 868 169 7 42 579 702 722 12 892 705 511 468 300 422 555 578 565 564 876 538 293 684 833 887 134 615 92 684 130 716 903 50 787 772 884 276 524 120 34 502 710 688 84 588 435 413 972 603 422 226 963 851 548 736 449 847 516 155 112 883 996 161 680 692 36 861 647 965 342 404 433 461 54 387 539 921 934 334 853 271 662 495 99 54 47 40 838 133 208 278 139 330 846 246 753 981 41 217 51 603 925 376 940 329 717 141 90 455 416 957 823 425 733 858 858 15 575 297 771 984 655 533
676 979 418 559 210 465 173 169 561 424 327 162 547 583 459 344 695 938 864 667 449 883 250 424 39 538 207 477 927 727 344 324 482 447 769 731 406 18 784 366 1000 153 991 26 254 558 832 244 111 361 335 225 708 346 282 44 342 109 661 258 73 761 182 705 985 344 941 58 527 655 507 130 873 436 478 798 182 896 874 896 412 1000 747 393 568 558 432 334 955 651 384 462 979 707 170 257 255 330 124 295 972 810 38 410 281 980 493 319 398 998 538 21 127 512 720 287 482 920 977 824 110 946 376 312 402 521
440 637 562 80 933 922 823 830 802 506 750 38 847 587 697 225 22 564 584 157 810 56 65 450 897 282 663 558 84 164 998 535 83 691 726 105 504 131 161 818 394 826 35 375 943 510 405 578 200 216 232 640 603 631 522 977 718 625 216 145 713 938 233 681 392 803 897 738 952 71 618 387 75 89 313 568 849 14 44 162 648 504 639 317 433 213 308 268 246 176 631 81 429 917 10 45 543 73 95 810 894 342 532 603 694 778 993 241 685 542 884 503 110 366 259 974 136 308 437 379 635 916 438 408 984 612 779 620 216 638 139 241 465 149 358 270 826 493 312 720 491 310 859 67 415 611 69 872 690 302 178 222 778 324 176 83 298 67 937 519 604 312
833 753 149 379 500 686 734 902 553 111 615 905 147 794 567 706 680 827 707 447 358 621 223 122 679 588 219 647 443 76 366 963 17 101 32 75 707 143 845 605 127 132 574 464 702 981 848 627 390 694 135 586 876 181 704 636 905 911 249 294 310 127 152 410 475 638 29 528 97 259 104 504 873 816 773 134 77 921 72 753 339 264 180 799 614 891 852 369 496 628 35 862 146 797 346 103 15 861 692 408 390 912 900 646 599 759 657 167 133 351 176 321 681 397 862 904 412 211 806 383 544 560 260 666 603 974 339 378 241 113 306 196 602 446 851 956 745 875 24 802 102 766 317 118 280
398 327 954 648 52 389 190 529 366 375 474 294 112 1 915 312 465 179 265 276 815 75 792 438 425 14 903 228 793 706 548 556 566 79 125 445 708 104 195 173 22 664 481 625 837 498 552 907 368 979 216 276 883 360 936 112 399 794 803 564 944 889 237 842 764 670 762 697 237 252 401 305 199 484 619 943 634 276 718 745 493 85 998 142 647 49 786 249 775 77 6 997 155 457 794 805 338 415 981 249 68 879 252 428 354 173 264 4 827 114 767 659 470 792 325 104 890 559 912 724 851 669 951 771 447 55 922 755 570 278
729 639 289 172 901 41 819 202 194 429 844 78 638 285 580 49 382 865 967 817 212 705 932 453 113 276 899 304 154 454 729 880 837 38 720 978 482 212 886 99 248 342 410 801 960 137 280 350 967 81 908 308 732 711 385 270 99 76 889 472 629 228 673 660 551 175 726 345 81 327 773 394 680 255 297 554 163 357 915 250 660 293 703 948 430 894 304 698 503 869 951 354 512 104 598 883 167 462 620 384 56 307 166 975 275 467 394 559 232 576 145 55 943 486 382 342 923 289 265 357 897 129 786 883 688 515 363 902 59
840 812 159 394 790 68 581 890 497 535 676 740 764 777 696 768 919 760 358 986 907 735 249 86 747 771 730 619 740 806 839 691 54 639 82 79 897 922 202 497 611 635 476 935 14 975 154 903 608 312 36 657 974 268 515 426 839 861 530 792 854 298 815 43 366 540 853 76 287 513 136 113 819 868 561 607 785 287 462 662 89 766 302 587 271 648 161 213 305 8 316 860 397 297 715 103 327 127 695 773 252 855 731 287 505 585 14 398 908 679 739 565 804 798 596 145 928 156 533 801 882 184 689 981 866 886 578 169 139 270 668 223 929 998 24 488 277 795 62 431 582 345 846 890 410 883 472 836 977 434 265 41 143 560 790 129 346 271 168 514 946 510 704 1000 342 48 919 485 581 832 918 217 434 378 977 593 429 514 883 789 402 369 820 933 552 756 975 454 50 947 440 318 715 808
1000 758 731 259 496 135 55 318 355 687 150 982 579 339 15 429 579 258 361 103 343 399 971 706 398 496 195 986 954 659 145 492 626 713 236 898 34 536 378 978 952 354 367 604 60 751 232 899 299 80 854 674 724 688 553 535 374 834 102 681 46 436 76 808 905 780 486 74 828 65 439 192 851 860 779 880 569 292 908 114 243 52 885 949 795 956 553 6 308 251 494 30 844 801 66 312 509 817 134 329 894 951 191 509 775 902 265 915 762 864 468 914 488 414 589 39 795 362 405 606 268 557 682 173 800 841 815 744 396 935 700 147 768 737 878 234 514 672
947 501 526 348 310 75 586 560 58 186 599 587 767 29 532 717 567 520 243 482 581 394 989 522 771 614 53 964 826 176 923 546 433 867 445 993 980 39 91 745 678 464 857 696 712 402 843 114 589 988 702 644 778 233 369 284 396 324 206 712 274 301 366 239 430 43 104 522 912 882 693 289 830 590 776 255 62 570 798 851 715 666 80 151 699 258 140 725 631 198 221 591 671 665 437 202 895 968 156 994 658 68 420 871 355 342 941 845 580 379 440 185 976 668 317 222 61 760 433 841 440 986 476 748 182 148 781 772 610 699 838 764 899 629 219 469 434 403 786 846 671 697 608 702 335 603 484 454 52 794 754 794 923 553 661 754 216 624 368 848 819 481 726 601 606 631 678 173 633 473 326 299 379 523 803 845 600 679 933 923 10 238 564 278 567
