814 988 855 190 17 979 528 880 622 11 450 729 901 299 762 818 474 678 416 926 608 580 632 927 552 226 623 170 14 153 55 317 203 470 594 718 417 697 366 277 657 664 264 483 705 315 321 906 594 48 649 115 845 994 777 619 338 195 768 391 253 306 274 883 834 323 415 743 483 777 43 803 677 640 506 233 558 311 713 337 770 374 727 605 401 89 775 84 34 8 769 241 797 669 775 332 90 448 720 561 594 582 876 784 501 557 75 674 355 746 251 166 80 18 546 168 762 566
485 900 550 372 443 276 3 742 476 854 900 335 466 513 635 540 823 615 528 556 475 155 378 93 559 831 998 553 989 526 479 556 153 953 979 276 66 253 157 444 62 389 179 120 39 427 25 228 941 950 350 161 40 858 368 262 782 323 361 373 632 807 915 845 95 847 393 744 648 189 17 598 539 607 850 636 595 517 733 370 858 163 269 462 382 330 948 548 878 587 739 239 295 306 596 133 226 771 283 248 492 655 374 389 468 712 815 905 735 945 833 853 244 868 246 393 113 437 890 619 608 271 863 900 783 434 483 491 776 979 113 905 289 74 798 323 32 257 249 909 179 938 894 821 247 287 848 152 508 113 936 869 616
143 639 190 859 170 304 51 84 100 537 616 389 592 176 942 652 190 746 745 205 121 689 681 655 876 203 88 487 718 378 818 667 754 323 320 325 593 883 154 712 744 608 523 422 624 146 887 458 97 815 353 579 689 940 244 49 779 509 942 284 887 556 776 572 194 523 975 900 479 400 645 906 499 940 284 519 958 848 793 779 402 269 302 993 11 845 319 774 795 453 623 109 246 518 78 445 808 177 853 926 239 463 649 41 217 298 376 553 155 554 545 335 924 689 93 18 595 885 931 394 353 718 71 165 672 143 887 699 182 924 799 138 117 201 6 380
136 532 397 792 745 754 483 915 898 314 814 712 83 307 205 789 892 326 363 865 573 747 386 665 244 119 390 364 555 771 459 337 96 31 286 321 617 53 411 167 141 99 269 687 69 600 467 112 532 973 863 486 100 516 150 873 671 241 616 235 732 833 259 353 514 854 821 752 995 788 712 799 802 294 842 948 120 13 399 595 619 608 955 965 313 180 318 997 68 989 461 496 39 80 658 821 236 685 989 505 734 717 982 198 723 973 890 926 986 389 432 664 508 905 950 82 62 791 692 641 765 227 919 964 719 708 148 644 978 651 763 560 798 446 63 152 300 980 127 36 208 321 875 951 296 328 620 629 404 992 813 489 601 179 236 679 142 704 848 796 932 531 811 450
644 111 267 584 481 927 508 119 918 610 819 46 557 927 706 49 479 50 128 513 639 470 258 914 199 12 685 705 575 787 635 338 960 400 989 236 59 188 833 876 234 862 624 228 390 467 85 857 553 336 26 339 712 667 923 854 114 66 472 998 453 460 651 775 497 901 715 536 342 772 417 138 924 170 21 980 893 163 970 375 692 397 161 64 626 758 10 493 522 676 378 376 98 785 12 916 824 76 663 430 185 45 269 127 937 698 772 306 84 330 154 271 982 561 515 999 648 781 99 29 244 952 704 526 995 265 577 681 560 817 47 658 138 475 518 282 559 501 877 714 968 696 440
847 749 278 112 32 959 252 885 850 588 369 462 27 836 329 87 805 526 589 409 731 173 416 847 760 179 773 965 158 281 912 100 732 868 980 606 215 72 270 484 616 113 549 517 663 704 243 200 172 194 610 106 132 857 20 789 626 486 410 375 874 994 44 840 470 554 439 127 887 869 635 308 130 618 864 907 989 401 389 909 248 534 414 795 181 383 661 91 609 495 225 131 586 867 677 672 846 903 172 386 697 924 290 726 477 772 769 563 141 409 158 416 779 126 605 734 972 355 647 169 795 806 364 873 260 209 337 16 451 282 514 337 414 363 302 170
525 199 180 261 396 964 169 828 540 586 50 216 144 643 824 916 984 403 267 864 91 740 496 297 792 259 466 454 936 990 258 851 727 746 816 832 936 778 487 319 844 589 975 937 208 775 577 933 81 958 567 797 368 158 994 739 318 302 704 879 859 353 316 843 779 284 111 980 504 243 434 440 279 665 257 106 309 710 622 90 302 992 58 13 572 699 516 261 770 147 354 473 24 826 838 547 796 531 971 113 865 81 565 792 431 856 383 701 373 684 921 143 823 460 818 436 260 294 60 261 62 181 438 801 364 820 197 418 19 420 597 542 267 137
162 727 37 850 167 706 776 719 333 739 657 492 853 923 378 6 788 650 274 628 358 585 747 19 836 898 918 650 971 144 34 5 129 184 375 987 213 151 11 586 461 250 230 260 893 128 54 508 130 647 771 124 221 316 711 770 946 350 739 70 763 335 879 133 940 752 356 876 283 704 540 324 571 755 75 108 168 227 897 530 599 279 697 780 470 575 367 826 372 507 194 254 322 659 610 788 382 391 642 779 798 871 233 858 361 722 871 624 873 243 160 283 966 757 817 791 544 518 56 232 566 622 997 312 786 951 234 339 7 418 501 35 135 880 670 784 32 208 742 514 647 527 127 102 917 914 675 355 886 754 374 74 895 346 912 109 959 464 572 298 402 708 276 765 209 934 133 506 549 918 850 145 805 876 139 78 52 597 294 164 721 899 534 858
208 548 256 121 277 671 437 375 421 247 653 624 423 189 520 1 971 351 532 870 301 215 832 534 860 68 266 433 665 806 933 420 242 445 769 346 967 166 981 442 827 225 858 952 473 813 575 702 993 30 629 304 658 562 15 960 710 705 83 259 641 509 475 400 214 876 904 123 325 902 893 762 95 793 443 929 44 16 973 608 840 602 892 58 686 167 343 57 932 192 101 274 747 164 357 821 214 167 287 906 382 967 544 891 576 362 913 51 988 481 862 186 273 970 952 587 213 312 241 628 530 490 34 449 112 257 346 718 761 161 282 553 744 951 326 337
756 224 964 992 916 57 441 634 633 59 346 387 36 84 286 52 725 862 562 636 504 516 774 576 676 786 709 443 721 430 827 213 446 376 682 48 496 831 41 785 361 643 176 70 753 816 531 771 23 741 702 404 949 696 693 735 781 791 722 990 765 351 591 710 744 539 203 545 742 661 298 765 838 198 326 607 263 595 776 934 400 591 798 56 296 568 455 699 765 206 785 817 736 196 223 816 463 308 963 808 216 36 842 105 495 294 879 700 209 812 150 302 897 36 510 254 412 605 985 271 305 388 825 83 890 105 513 465 947 725 295 542 240 483 926 650 43 426 555 449 906 556 183 825 708 446 253 7 526 26 374 477 383 311 406 766 137 626 139 646 95 160 873 246 47 692 787 764 166 847 707 795 884 378 918 177 508 739 457 771 390 783 84 838 560 738 717 522 75 35 840 962 537 665 724 511 468 814 941
240 662 642 169 711 143 277 761 452 900 253 65 511 293 371 964 179 29 313 80 785 939 831 318 633 524 528 750 779 643 969 895 198 972 966 580 445 998 885 572 360 27 60 231 674 537 428 337 458 666 494 700 105 874 360 324 142 246 432 627 416 896 160 109 719 832 995 325 96 134 522 478 539 273 132 428 296 268 402 231 662 616 307 934 581 774 710 535 185 682 451 321 118 17 322 600 631 888 191 660 606 441 761 457 51 955 505 269 261 408 12 773 965 452 335 361 903 307 466 215 206 278 904 565 840 247 724 410 552 237 139 729 65 594 7 93 884 588 908 267 885 10 105 915 372 648 344 281 188 298 946 58 481 711 37 134 455 439 554 445 469 417 343 198 269 683 827
288 621 657 653 770 27 585 679 718 705 143 469 844 735 242 582 108 828 20 691 119 674 950 285 903 924 348 831 714 701 946 983 958 516 117 9 93 162 895 455 383 350 530 397 393 272 613 554 323 164 616 654 376 991 548 559 978 726 920 178 85 936 176 735 28 400 899 581 549 206 962 405 58 609 622 184 577 527 175 996 52 522 408 610 725 520 375 749 826 702 943 473 736 383 587 464 856 115 575 87 403 212 781 404 188 557 83 787 338 723 575 594 836 869 916 847 262 33 240 239 158 4 618 194 514 946 812 725 384 175 781 662 705 998 284 446 743 796 648 366 734 579 256 654 389 321 843 420 838 580 940 387 297 820 4 184 259 65 584 46 719 610 671 709 671 216 849 438 416 126 95 569 586 78 30 430 317 438 97 1000 473 428 359 485 206
27 87 612 328 400 410 669 470 207 587 568 401 433 997 10 223 349 488 270 449 379 212 223 990 280 261 538 566 929 11 79 784 257 395 186 416 388 65 492 5 294 379 453 975 907 654 841 442 555 103 472 871 501 978 121 762 158 140 192 294 282 532 697 92 519 432 480 67 719 285 357 629 768 281 110 554 993 134 239 396 828 438 670 71 380 847 275 59 542 292 520 445 716 179 843 416 489 567 77 273 244 78 237 600 159 691 602 72 378 385 230 791 35 56 161 327 404 423 206 59 149 980 274 51 892 175 715 11 779
948 598 335 876 89 850 272 30 524 788 484 677 716 255 742 928 411 604 11 80 29 968 223 753 701 154 642 778 730 828 15 731 853 34 693 262 423 658 913 12 560 118 339 825 479 650 524 755 395 183 602 513 500 888 777 42 48 932 456 878 622 605 416 239 253 928 290 873 885 923 456 747 908 329 982 650 59 919 680 245 140 549 910 708 591 613 569 133 809 622 82 299 285 34 807 555 988 506 155 12 160 590 287 117 929 58 577 681 439 761 399 948 939 354 309 531 85 193 239 613 492 750 201 183 841 762 946 516 599 394 978 373 173 999 751 561 938 885 342 443 212 735 790 55 801 501 790 204 210 1000
307 964 641 963 641 965 289 87 990 32 684 428 743 398 808 434 787 801 961 356 865 410 186 464 159 557 731 154 301 139 658 454 432 633 868 220 117 357 328 815 783 411 575 347 457 776 893 647 92 945 833 608 690 30 344 401 108 95 839 40 985 648 882 821 447 662 620 201 82 207 150 517 351 798 295 969 135 636 724 59 736 821 259 232 423 512 310 447 521 709 130 368 68 696 320 464 477 829 449 35 489 39 45 885 736 4 730 814 783 777 16 946 950 401 83 622 164 70 854 343 892 420 922 78 537 340 489 263 516 378 647 191 1 654 94 632 337 583 873 733 740 641 955 620 239 78 77 738 775 762 98 664 944 551 949 73 294 672 418 185 304 267
785 664 663 439 42 787 631 213 934 246 98 902 945 111 900 487 47 818 514 531 232 435 632 924 546 688 780 930 470 869 564 402 997 949 612 731 461 559 603 1 547 274 37 954 308 728 952 797 111 661 597 684 74 986 94 995 966 466 430 958 395 577 87 426 640 212 449 788 259 551 281 140 782 191 164 166 87 776 10 633 383 36 922 914 691 334 500 816 955 970 135 381 773 894 745 726 63 655 823 475 61 539 56 257 882 990 2 374 749 118 336 783 670 81 685 595 729 641 667 112 39 228 467 103 979 893 273 556 419 563 957 822 245 401 418 642 732 260 670 94 279 243 943 661 699 598 722 919 572 683 25 166 867 502 7 39 493 967 843 686 914 750 403 827 75 563 22 375 115 447 287 629 802 869 262
546 328 416 628 238 77 579 735 411 440 428 515 301 883 820 592 183 310 863 424 355 732 389 155 222 17 878 8 677 310 53 981 553 695 18 508 379 987 857 228 874 924 342 505 245 845 922 212 937 242 69 612 106 797 730 761 892 41 235 855 575 814 536 875 51 739 823 727 468 594 118 267 800 885 538 106 675 343 476 554 685 32 846 927 530 389 62 479 578 367 411 913 279 15 768 830 411 899 785 712 740 312 126 861 379 891 54 355 894 364 688 842 314 25 843 134 488 755 155 49 980 683 635 347 787 776 204 107 351 221 260 957 958 838 658 833 420 393 335 277 967 187
484 873 998 573 53 204 632 760 855 99 645 765 671 109 365 724 912 799 815 577 845 895 17 322 742 14 323 844 937 151 671 97 603 237 902 688 97 757 284 727 625 424 99 127 322 99 337 575 526 401 99 834 182 555 31 902 735 692 972 498 143 41 350 733 140 393 843 421 578 320 915 388 348 923 113 302 478 230 654 606 995 649 496 837 73 961 280 8 746 633 469 440 821 341 942 263 575 748 864 315 187 518 432 437 436 155 942 609 612 301 973 602 762 41 270 446 500 67 851 450 242 858 584 297 438 577 460 988 679 389 456 140 823 657 752 490 520 791 980 675 560 113 190 150 621 777 365 806 916 74 66 698 999 389 31 101 196 218 937 371 838 489 379 215 124 103 784 109 940 112 601 645 302 376 428 713 39 133 101 380 721 227 454
790 558 135 182 254 139 238 289 895 800 931 877 729 383 35 204 997 53 461 642 277 964 15 214 183 442 644 160 651 253 737 829 244 992 214 167 942 36 367 927 915 459 768 767 741 321 473 630 701 839 694 737 184 873 365 46 764 472 528 848 867 195 747 516 706 996 703 15 859 376 707 573 930 998 498 538 319 327 584 552 441 837 881 347 745 358 695 898 36 426 450 746 456 211 289 629 836 521 243 915 981 111 699 130 225 886 585 685 821 579 18 346 148 339 5 704 446 539 953 240 269 924 665 893 727 369 531 476 88 803 659 136 884 427 192 218 936 369 356 61 357 407 994 896 137 42 707 407 927 703 793 631 768 801 586 189 453 249 910 657 152 792 218 364 401 388 77 570 257 81 837 303 498
518 590 110 717 224 4 427 201 437 836 439 942 730 236 963 787 627 669 424 491 18 731 614 588 112 610 757 633 448 245 658 78 7 340 196 534 468 990 310 993 188 979 850 870 673 773 63 267 944 900 776 152 357 455 946 61 337 577 805 94 809 265 600 230 456 451 20 590 821 923 990 185 254 592 419 388 538 884 21 317 314 625 796 841 775 64 993 463 868 477 265 577 6 78 83 394 285 121 782 583 280 988 823 483 770 560 881 937
482 302 93 481 285 642 386 333 966 156 959 947 232 983 413 907 406 497 589 838 161 159 741 814 595 365 377 11 425 710 27 647 367 439 393 841 190 773 458 737 49 926 954 434 1 509 93 518 383 43 451 985 952 341 588 243 155 456 169 919 374 572 27 926 965 103 824 529 294 83 253 241 329 489 114 756 823 590 862 176 705 289 592 367 346 148 480 752 248 304 649 874 491 797 429 146 315 282 629 339 721 128 976 836 446 967 846 226 885 58 354 85 737 646 810 153 34 61 833 195 229 727 430 626 765 281 667 819 339 727 423 31 170 132 28 673 804 514 275 532 52 896 280 540 746 574 992 183 791 512 39 272 865 136 598 372 215 818
252 940 691 727 335 149 439 212 316 909 55 871 999 930 747 201 48 149 674 676 789 736 421 680 467 916 810 121 792 929 235 495 714 463 189 451 662 85 220 722 512 417 212 173 29 835 465 510 332 502 82 372 34 998 495 158 613 47 83 132 361 185 53 917 744 355 106 551 504 910 677 185 962 949 524 84 87 273 584 891 531 180 985 78 267 760 641 187 514 996 107 939 663 7 706 484 382 581 138 227 17 942 669 65 742 126 403 123 600 399 644 920 664 560 110 678 168 401 529 715 564 945 257 913 287 629 715 729 212 234 197 864 246 129 554 860 608 47 968 431 769 901 893 714 176 796 501 746 353 882 288 93 9 834 87 370
239 940 297 542 685 978 354 598 431 886 36 709 137 17 763 652 517 886 272 552 249 464 995 65 900 252 937 739 432 609 474 423 257 742 946 938 669 831 525 315 732 868 363 78 513 398 69 665 329 630 109 444 796 352 711 369 178 337 841 732 329 134 863 770 334 168 841 8 941 233 557 241 802 967 881 840 835 982 834 684 693 235 242 268 236 917 542 776 557 218 408 414 987 62 574 839 260 474 424 29 846 73 368 670 281 325 62 941 826 740 878 562 946 406 971 728 776 151 901 306 456 481 719 241 717 364 795 339 653 708 917 664 811 296 38 262 504 440 282 770 740 514 503 383 392 918 628 650 89 644 721
664 404 411 441 182 305 539 584 446 656 647 122 332 710 155 553 844 420 484 972 317 607 575 898 187 966 225 946 883 40 793 558 208 966 408 507 609 889 674 353 886 913 158 227 542 369 884 113 151 264 981 316 538 790 60 360 364 558 995 61 233 745 903 823 147 394 400 51 998 840 758 383 176 29 572 770 144 222 52 110 29 849 391 839 35 26 870 346 99 794 57 200 119 828 963 456 78 848 760 982 449 746 236 814 911 790 609 11 59 725 957 261 531 735 703 208 384 977 465 833 281 129 557 795 504 49 736 652 280 453 594 369 384 308 491 875 898 568 456 697 806 69 566 593 855 717 943
507 712 267 94 264 436 505 765 936 876 174 234 16 343 529 615 789 760 694 678 81 200 771 189 84 768 267 737 628 614 810 247 664 163 977 634 945 926 946 933 164 410 417 173 166 277 300 601 915 655 949 864 47 886 54 999 410 159 548 43 848 578 911 338 822 498 341 656 853 589 413 365 303 765 286 971 372 910 272 233 282 898 170 714 604 549 358 219 909 797 399 251 697 396 705 1 407 52 886 140 17 468 768 203 939 423 968 906 535 201 552 75 79 903 134 535 439 257 588 290 378 277 372 303 752 356 564 785 682 947 388 951 7 846 948 130 568 241 489 13 636 902 595 872 918 939 28 985 453 897 339 14 201 50 497 468 361 865 910 911 869 232
804 437 219 334 275 78 772 246 505 149 948 872 220 584 179 777 448 998 439 338 351 643 990 781 247 498 558 205 561 815 995 730 426 729 886 661 704 810 995 586 86 551 118 102 397 226 760 277 322 905 122 664 424 692 214 944 470 826 626 717 897 74 580 631 753 839 470 218 282 9 4 23 453 451 645 17 735 12 526 210 873 226 17 862 55 864 257 390 620 77 666 300 247 176 879 655 836 762 78 24 724 875 548 369 176
63 28 659 778 159 981 194 628 58 527 783 167 947 904 844 181 644 345 859 922 935 110 538 308 829 876 967 175 600 597 806 20 600 86 97 595 660 820 707 365 197 388 9 193 963 967 555 678 126 735 530 459 520 264 770 698 776 414 842 231 120 37 679 744 259 331 58 348 19 295 87 499 247 667 286 157 625 376 724 583 546 412 177 615 639 626 506 498 311 843 171 514 746 928 23 222 962 479 945 860 817 277 946 932 286 111 740 621 556 965 49 488 667 813 545 364 827 67 942 309 302 389 107 212 879 803 859 53 566 859 399 528 710 552 131 458 436 425 210 312 236 271 24 204 350 292 337 274 97 876 818 504 934 349 929 269 765 386 379
775 152 740 188 936 953 5 35 718 290 451 327 337 679 765 240 790 427 640 235 849 707 44 845 137 13 702 120 354 462 18 91 544 776 193 88 896 546 708 92 433 992 604 989 458 423 821 839 141 862 670 17 912 445 33 711 789 466 650 841 555 73 171 497 165 860 154 590 279 933 104 679 98 656 729 939 931 891 58 752 529 182 71 685 422 159 962 662 559 335 798 353 637 443 283 24 381 623 473 502 533 969 158 247 927 76 917 180 638 100 470 560 954 631 875 992
124 116 913 645 820 183 686 935 307 558 304 609 183 878 961 717 211 529 296 975 34 640 585 684 742 246 598 736 170 371 384 883 934 485 272 131 753 249 528 816 306 659 539 234 277 878 43 140 971 726 747 462 875 791 628 725 332 795 9 807 960 290 612 947 641 194 462 296 650 343 935 711 17 813 460 730 215 238 984 519 412 328 304 640 235 950 688 913 619 840 40 525 506 721 666 260 951 417 144 949 478 446 330 910 631 413 107 537 304 723 140 147 524 37 485 651 723 763 969 509 136 571 803 499 119 757 477 142 785 821 701 589 225 450 80 926 200 665 170 706 751 386 863 947 314 660 496 518 93 703 157 452 365 925 727 907 403 761
911 678 20 763 295 394 792 840 736 18 753 401 720 840 260 661 796 253 116 89 580 902 76 74 232 925 855 301 345 563 56 69 516 158 615 48 460 985 82 675 995 29 832 200 795 231 979 419 256 620 715 474 694 924 641 850 967 367 902 994 994 123 660 970 581 557 175 760 95 538 8 517 705 542 420 989 321 431 771 96 783 326 534 313 934 153 727 397 467 62 626 891 749 429 799 367 72 132 104 471 164 379 763 496 361 533 219 882 160 509 129 32 63 359 972 127 381 501 829 228 379 81 792 133 801 493 582 30 11 937 544
715 831 257 930 563 914 481 379 859 493 676 246 487 514 848 305 65 939 204 538 275 269 360 500 414 664 877 525 41 535 385 173 135 889 23 7 149 989 670 187 112 695 187 215 251 195 410 341 382 515 891 372 355 711 345 482 235 318 522 596 728 585 117 12 269 775 924 631 634 176 525 848 440 648 604 121 500 825 959 652 470 234 563 724 957 277 52 913 770 427 480 462 52 20 125 830 701 537 658 899
501 251 72 939 826 100 185 710 596 83 331 742 932 634 169 75 905 179 966 140 271 906 753 626 948 138 861 971 957 462 148 271 443 917 162 337 743 94 609 727 347 772 870 36 123 876 633 20 297 661 377 464 544 263 211 723 898 490 825 2 272 727 97 496 319 539 510 847 612 895 882 482 617 558 442 163 642 147 822 696 679 628 231 280 90 453 674 486 312 578 570 587 660 920 184 438 372 9 996 647 416 823 540 309 233 285 961 393 262 32 764 621 551 105 105 912 835 315 74 575 214 487 777 216 611 208
314 717 373 885 987 69 460 494 834 6 548 374 817 427 276 59 857 523 690 203 939 82 697 284 340 716 429 312 545 881 766 465 652 636 728 831 21 786 411 27 665 295 815 607 997 159 179 209 871 434 270 206 721 877 588 158 789 516 147 610 399 779 703 959 937 35 577 482 192 323 50 304 153 392 492 705 590 81 14 251 625 919 493 355 611 28 958 95 509 145 113 310 316 126 95 763 564 311 51 858 83 90 545 411 230 519 899 653 393 795 355 325 955 906 896 663 799 23 547 979 212 537 864 742 298 825
62 827 831 492 142 908 682 63 633 282 516 103 950 68 477 28 242 663 728 180 105 21 7 520 281 744 351 935 924 408 846 592 318 5 748 164 728 426 904 701 822 82 50 824 921 970 631 726 955 897 298 40 392 108 801 198 817 291 800 489 720 71 539 273 140 535 896 414 432 906 238 409 932 461 796 330 525 844 163 486 859 16 822 704 155 502 325 499 429 403 99 216 916 649 413 537 983 878 898 200 841 538 800 990 176 780 20 767 151 502 800 777 809 701 543 482 595 781 506 649 954 823 630 444 97 419 992 5 401 878 166 303 148 631 646 452 441 725 307 223 241 672 937 315 365 209 578 421 950 305 723 967 585 683 833 416 446 938 849 540 367 785
725 384 708 321 857 315 789 848 121 974 144 942 531 95 426 580 795 253 769 458 570 641 818 232 799 107 339 359 302 579 412 13 843 929 560 382 443 949 807 388 907 107 313 9 424 627 50 971 765 821 597 724 650 530 826 800 656 909 79 315 340 559 335 817 601 124 107 435 989 932 650 684 915 237 232 750 329 643 431 73 378 475 553 802 271 987 930 344 387 259 855 130 58 448 143 774 677 541 997 22 192 759 751 156 50 482 683 962 402 162 487 164 893 33 907 165 402 866 8 474 869 488 300 456 238 729 288 403 159 978 259 479 565 794 49 785 337 858 380 610 124 455 320 118 273
896 339 615 610 461 677 491 474 792 592 732 146 67 180 109 904 898 65 765 659 294 358 89 733 185 154 876 182 177 933 874 146 867 27 826 355 282 404 252 492 714 431 980 923 154 765 254 84 493 358 684 794 640 722 97 617 806 380 939 121 892 496 348 473 111 926 549 545 700 174 311 847 235 318 90 405 764 789 632 234 498 453 349 385 241 314 510 215 375 479 74 524 411 902 968 244 263 732 190 5 61 394 454 491 957 751 788 493 391 729 441 13 188 676 941 497 947 738 186 61 423 5 173 614 468 18 583 53 126 549
249 562 316 398 331 206 131 514 148 680 822 233 413 291 374 560 569 208 323 869 203 854 200 604 827 10 829 528 635 863 121 338 842 840 636 606 351 2 217 722 4 155 914 767 303 991 703 864 362 120 123 531 357 134 175 842 143 950 415 293 715 469 737 501 331 459 283 596 50 499 925 49 784 289 794 81 725 885 916 910 173 863 268 643 141 475 947 36 479 905 818 396 153 547 959 593 759 420 988 183 667 808 162 610 356 346 603 715 941 752 323 375 450 228 286 732 846 348 544 464 791 994 579 91 891 979 590 74 680
340 70 870 157 288 686 662 643 427 81 482 155 696 216 157 981 249 53 146 848 704 742 824 887 484 807 669 497 865 433 681 489 554 605 499 240 943 391 565 70 327 312 432 994 318 671 813 415 699 396 661 552 118 969 316 307 510 525 659 564 789 695 404 40 648 182 664 248 265 29 240 542 615 906 399 956 945 454 961 389 53 226 141 664 190 355 705 683 603 926 846 609 671 134 80 499 473 355 832 174 819 23 148 361 416 135 865 812 43 817 549 127 363 263 246 257 592 177 8 441 820 743 948 357 286 600 353 693 334 402 980 331 248 346 831 121 33 577 299 341 532 445 721 565 260 240 537 159 202 987 102 142 316 480 638 369 608 81 76 251 34 63 811 341 972 649 163 650 279 349 182 811 247 423 849 540 425 235 333 576 918 316 398 52 498 934 99 18 920 587 300 107 20 661
617 290 106 483 102 463 660 339 332 209 554 16 479 117 340 166 903 599 195 824 132 647 609 30 426 123 491 390 122 182 649 863 321 816 728 410 90 904 644 248 633 570 747 530 395 778 341 283 479 129 907 936 107 682 869 463 429 147 582 817 110 62 68 450 340 298 511 284 170 853 484 59 172 787 193 165 563 412 393 713 653 744 439 457 682 645 702 734 990 985 617 480 446 663 462 868 620 882 733 4 123 139 953 802 565 1000 987 861 524 812 249 753 443 156 679 304 236 783 501 858 626 832 725 623 879 386 78 282 586 708 92 483 586 888 934 965 252 888
550 830 817 8 820 25 883 720 928 48 279 724 478 341 958 700 590 177 68 372 246 120 935 913 650 626 9 115 811 817 772 777 590 798 296 776 130 221 599 651 828 446 341 14 70 923 849 472 532 133 874 537 536 226 909 123 756 526 311 674 738 551 982 835 688 205 204 508 17 98 913 748 799 833 622 814 75 342 354 591 773 666 410 694 960 291 969 913 833 922 963 90 689 842 840 213 796 44 744 858 600 781 20 937 417 152 754 848 470 241 462 53 467 393 274 333 723 464 96 401 555 375 975 3 497 413 857 438 416 70 761 795 403 704 495 894 198 686 492 223 697 412 861 116 763 372 878 106 905 450 811 744 344 548 977 688 490 334 270 575 922 977 942 166 209 867 605 667 242 532 25 60 701 723 529 481 672 352 430 425 139 350 60 70 9
