39 225 189 24 70 724 616 888 164 837 525 756 216 106 813 222 933 103 557 314 496 93 718 870 321 461 607 253 449 402 249 861 905 868 42 682 448 972 367 424 738 511 673 808 611 289 633 427 17 343 879 874 239 633 928 355 534 559 120 510 588 898 961 171 723 760 683 4 706 639 594 287 470 680 631 436 557 426 25 523 47 826 198 517 30 412 711 548 151 808 498 675 529 782 80 613 376 749 919 793 775 119 566 450 261 885 505 142 906 558 6 445 547 9 440
793 234 666 174 203 775 340 257 102 918 801 795 501 656 651 946 828 189 560 19 940 383 260 119 995 566 571 979 69 736 220 332 240 572 605 918 309 166 926 744 42 679 107 783 822 921 52 171 482 882 413 468 303 853 704 526 121 162 285 119 604 481 743 840 208 376 938 816 624 594 81 475 243 797 876 277 981 357 498 862 903 527 871 118 986 305 185 713 335 659 731 937 426 510 216 464 740 28 516 713 423 199 401 800 446 632 743 983 496 36 906 781 526 817 867 144 944 808 456 30 727 960 391 742 77 592 509 32 935 42 205 639 281 874 416 109 453 619 771 26 400 716 173 214 280 626 57 517 868 367 390 977 953 737 467 59 304 886 502 666 852 713 25 256 806 46 486 981 259 411
618 849 987 732 825 438 353 377 427 658 60 273 39 129 944 21 218 183 351 274 663 681 243 187 562 712 333 797 934 441 455 461 694 844 516 83 44 388 236 821 292 609 770 999 846 311 513 923 423 156 627 761 914 606 601 886 188 803 118 952 405 752 188 757 839 844 620 589 591 86 192 865 684 822 735 351 893 442 841 629 676 41 588 155 114 995 646 756 768 379 629 777 534 938 179 632 685 975 582 689 373 417 129 264 179
923 686 986 525 555 934 656 433 708 53 831 729 721 578 16 33 780 910 331 508 468 100 43 875 337 261 913 915 115 513 701 283 894 189 151 39 572 544 900 896 824 480 69 446 731 916 305 128 1000 574 643 122 677 939 151 467 8 282 427 34 81 695 913 142 259 352 91 584 190 148 90 299 24 100 966 479 555 938 74 704 305 261 975 543 361 316 286 59 444 506 840 420 80 894 657 847 540 75 947 588 259 332 410 825 256 73 264 715 197 665 884 293 833 870 351 228 480 927 108 913 966 136 537 973 814 249 173 5 197 738
442 924 83 884 520 131 803 237 11 129 372 694 977 490 300 308 208 870 682 378 33 817 1000 168 110 278 84 117 219 376 943 861 717 265 637 672 179 858 427 601 958 456 145 625 541 609 473 913 899 78 296 658 196 823 18 823 184 489 471 298 669 162 872 19 180 652 655 321 58 934 707 506 178 814 255 467 639 777 163 9 868 622 373 168 457 395 22 38 777 878 57 640 310 364 824 387 389 682 753 140 394 767 916 266 568 652 500 864 41 257 13 244 1000 424 86 678 990 700 68 495 21 288 556 261
46 643 933 321 929 341 527 515 907 327 83 485 336 605 211 939 714 1 669 490 443 391 657 518 756 683 12 195 788 973 273 714 179 665 573 189 881 439 299 425 62 191 540 976 847 548 100 869 317 42 249 697 134 442 491 864 10 194 526 803 488 71 420 400 288 595 649 952 416 262 49 195 440 132 231 326 616 927 969 189 219 733 305 566 203 376 961 966 302 820 647 449 685 598 17 862 884 59 249 200 269 975 673 895 275 555 183 524 542 985 802
163 775 851 761 950 899 466 609 473 369 861 968 297 300 58 170 715 957 613 121 636 358 517 536 547 53 135 77 770 646 585 996 721 490 112 602 405 653 786 336 919 507 65 754 518 616 619 803 390 651 777 652 682 485 697 770 345 742 381 681 403 978 920 149 984 380 554 664 223 304 153 75 775 889 198 341 287 392 409 315 409 837 528 939 768 336 435 453 575 31 996 750 297 712 985 979 403 981 395 965 434 488 202 907 496 207 209 416 881
478 582 399 463 82 907 362 75 58 402 754 720 635 910 964 592 991 682 8 244 48 1000 748 325 780 952 267 612 843 270 344 41 538 486 893 837 879 565 991 452 160 928 923 359 941 532 41 869 743 288 876 920 692 298 70 589 429 826 302 649 92 495 817 794 644 813 842 402 822 40 662 665 32 942 636 131 418 719 575 366 911 275 925 195 818 573 981 183 112 200 416 902 946 579 141 896 606 828 945 252 363 99 812 87 437 44 712 303 750 598 353 942 835 15 784 732 289 518 447 132 957 454 533 737 172 528 640 539 106 992 821 570 245 850 810 121 55 555 80 589 872 146 725 785 816 882 903 468 174 106 46 907 846 908 755 913 881 77 800
313 402 128 123 892 489 188 247 904 788 656 211 24 157 913 864 871 339 764 436 368 454 622 629 88 329 565 837 314 401 238 692 161 82 546 413 39 331 573 199 322 910 299 981 510 529 630 310 618 597 290 958 251 667 443 204 458 270 960 872 728 128 461 611 712 862 980 47 144 470 810 426 956 975 394 777 341 535 912 897 193 75 223 377 387 999 740 209 782 639 129 858 240 711 514 70 637 610 283 534 152
242 451 989 531 794 978 587 454 336 246 572 986 255 515 133 403 182 706 345 55 287 330 782 399 997 700 911 79 693 597 640 699 431 470 830 260 660 187 709 877 90 359 873 264 269 386 231 163 793 216 546 307 770 633 261 977 16 51 967 826 548 231 163 808 17 706 859 351 214 680 598 257 33 52 548 115 949 806 39 460 663 364 629 183 854 347 290 592 787 68 525 147 137 310 336 806 833 759 675 108 366
65 907 813 948 419 101 579 806 748 976 15 928 566 576 872 88 317 728 798 300 713 841 354 675 860 611 449 53 808 673 153 201 850 688 116 131 951 111 719 46 333 629 656 810 749 450 569 147 660 494 283 48 208 513 84 468 409 403 276 513 134 621 675 140 26 681 184 725 874 984 48 667 891 347 441 854 477 95 579 922 880 759 917 319 271 530 392 29 758 162 272 375 496 628 696 839 22 174 416 9 153 55 714 407 512 870 128 233 483 363 331 615 695 783 918 221 608 284 637 877 109 482 722 785 946 106 958 321 62 167 544 120 437 110 521 217
623 418 651 234 480 738 181 787 843 862 389 604 234 145 545 26 984 962 592 643 159 782 547 492 831 709 852 247 754 549 712 56 145 239 659 155 980 932 507 87 692 427 388 726 867 239 721 6 98 759 859 217 992 894 525 157 271 578 693 541 343 878 838 524 36 809 885 156 882 529 38 776 791 225 296 599 159 256 956 468 199 995 629 394 42 70 490 2 339 254 882 941 25 433 909 912 47 321 484 692 337 733 801 204 334 442 16 472 649 335 894 65 100 977 309 498 541 619 957 521 686 333 376 332 214 697 21 196 903 487 475 85 533 525 351 296 54 273 918 93 5 698 230 189 786 915 577 736 160 30 246 151 356 798 100 953 566 910 977 221 466 547 58 387 85 487 813 612 127 953 215 987 470 713 358 453 953 7 702 744 366 736 90 292 103 690 245 989 348 810
403 147 420 90 891 355 298 55 376 880 567 556 932 11 308 402 578 680 398 858 167 670 772 705 960 917 593 48 451 269 848 29 518 57 882 514 231 798 944 745 156 253 446 58 563 209 66 571 747 97 136 799 600 129 430 655 413 192 79 391 156 110 790 483 900 557 292 119 518 944 329 706 858 626 531 276 732 161 372 555 354 131 424 475 712 113 946 553 29 855 718 412 373 102 314 738 994 540 907 998 629 954 569 598 954 262 432 398 707 610 996 572 203 466 927 336 246 877 90 257 834 252 213 485 100 289 140 635 7 389 127 436 210 44 698 350 656 706 717 180 997 708 620 279 869 969 121 214 351 933 970 282 307 759 321 845 455 627 879 303 973 787 523 868 78 361 981 897 959 322 800 367 21 179 848 815 212 519 435 55 225 819 115 459 684 58 912 856 347 399 489 806 776 980 260 603
310 130 569 635 230 483 856 15 470 667 867 457 443 729 810 624 627 227 174 978 550 592 974 510 576 141 261 742 93 652 707 176 554 231 142 818 618 459 881 97 778 673 706 921 208 714 330 297 282 52 940 688 766 701 160 986 218 774 816 117 195 675 734 649 78 726 231 666 596 112 440 601 812 871 832 436 795 78 900 198 775 949 340 106 235 716 705 600 993 93 690 263 906 7 805 877 318 877 4 200 147 49 800 296 795 401 177 987 191 515 6 468 581 947 722 48 170 435 29 620 455 915 316 274 351 627 840 683 782 832 259 989 927 999 863 507 356 934 795 729
619 214 251 64 259 668 333 622 475 766 698 935 934 315 763 139 597 506 266 336 972 402 333 381 373 98 668 356 264 886 641 512 169 542 375 493 600 697 609 984 157 977 498 491 154 144 889 2 454 576 494 610 879 419 334 457 309 899 438 74 786 244 579 484 657 455 875 564 125 701 314 495 165 637 343 50 910 765 348 808 292 617 801 344 518 730 784 113 920 511 881 357 442 199 977 468 112 319 55 452 897 374 701 369 818 324 483 772 253 823 999 351 583 457 498 564 401 620 842 563 582 338 598 637 694 123 651 110 661 38 616 58 614 293 141 544 271 257 848 21 807 199 394 675 621 471 25 62 702 135 651 628 89 916 739 907 887 591 684 210 53 141
380 426 485 234 584 332 650 425 25 136 509 249 205 151 380 690 181 133 841 385 884 878 950 607 887 790 149 778 145 9 356 994 144 296 232 165 502 131 362 48 218 757 474 871 384 112 40 109 132 280 701 466 385 92 339 400 851 760 852 199 175 307 443 666 900 665 342 534 975 388 191 887 597 716 247 39 472 819 286 503 748 468 763 371 785 717 274 800 300 834 102 305 178 320 628 971 228 327 700 107 10 648 183 339 305 668 49 894 787 798 108 477 21 642 845 573 870 564 68 707 208 166 263 906 3 269 597 797 340 876 795 769 955 392 487 259 206 860 312 37 316 293 783 209 877 778 458 711 481 179 637 610 476 692 111 342 492 438 388 763 890 342 34 702
940 584 321 808 407 15 607 134 91 476 928 422 571 798 996 292 639 680 507 845 898 65 403 489 510 214 982 493 821 472 404 796 227 83 393 326 286 77 827 297 767 902 462 246 246 702 486 454 5 600 897 826 952 100 482 999 782 519 352 589 285 630 9 342 208 192 460 29 776 529 502 825 94 686 431 185 490 570 944 475 501 799 919 869 93 374 80 932 627 572 100 942 715 626 685 281 507 803 94 155 127 255 409 913 696 112 87 772 676 52 181 899 908 624 738 417 772 424 910 633 427 15 944 37 837 780 97 979 445 99 579 747 521 435 311
697 973 734 445 670 11 465 708 139 307 399 161 509 733 114 295 817 52 278 315 33 860 839 80 155 604 264 193 65 773 951 250 562 384 924 935 382 875 865 819 433 793 624 326 625 116 51 346 263 319 615 782 716 354 18 118 950 162 808 546 693 497 579 37 486 310 724 915 634 804 641 594 47 293 906 408 856 190 645 259 103 776 510 298 699 283 807 753 56 237 789 403 834 271 503 241 103 603 812 848 356 743 711
724 856 839 44 266 735 934 438 653 291 239 744 931 330 156 785 918 629 992 562 27 947 284 655 339 665 95 850 277 712 665 867 750 393 442 787 347 657 950 216 76 917 850 741 705 887 758 642 734 755 242 196 440 583 689 511 35 761 570 653 810 105 691 380 772 427 556 688 764 938 915 658 379 842 844 186 329 762 797 594 722 280 738 175 851 966 372 312 421 573 407 899 83 733 321 446 715 994 220 907 189 127 481 826 726 214 354 498 159 188 755 25 377 77 664 299 978 928 630 512 396 192 830 281 747 561 444 100 673 761 466 895 803 966 72 196 516 397 726 281 555 726 947 425 493 965 248 226 874 798 222 813 398 504 82 343 116 100 131 184 593 599 470 503 331 997 879 227 313 547 367 439
18 904 955 941 549 731 101 730 83 748 794 341 746 225 308 291 89 307 664 30 262 816 459 133 921 281 825 65 329 193 300 501 532 119 921 80 795 673 96 146 531 426 856 246 261 69 250 58 885 349 978 103 192 784 976 382 262 834 662 433 985 801 940 718 113 995 96 506 138 198 464 118 533 380 238 857 187 999 300 934 110 792 552 305 193 673 390 751 498 601 884 931 538 816 962 510 375 729 478 736 361 869 579 632 229 330 327 159 552 997 46 14 609 900 963 287 712 748 360 592 10 558 54 26 288 867 935 498 699 631 191 169 150 663 814 850 119 218 146 106 337 619 921 602
