172 80 416 978 936 325 752 891 338 383 749 258 834 203 361 482 99 342 32 316 888 523 275 861 266 903 794 692 461 166 668 428 327 183 856 883 12 903 83 304 530 151 304 381 385 441 402 695 701 774 269 424 192 994 458 442 789 936 163 60 988 364 232 726 841 359 435 171 439 630 645 461 306 268 559 905 516 491 343 813 812 245 708 42 199 272 59 896 268 793 528 897 338 971 173 495 106 380 251 58 581 1 503 755 403 509 58 119 813 803 364 15 711 195 731
984 15 734 837 510 974 962 727 662 126 608 843 518 472 884 672 486 731 935 109 365 974 126 481 584 967 29 400 440 446 56 342 777 795 231 402 225 774 266 660 12 853 936 664 555 845 707 37 978 980 359 175 70 763 351 632 5 358 54 92 14 404 453 794 845 640 12 786 409 503 3 666 666 644 46 841 822 199 363 213 336 226 812 459 530 232 17 978 245 321 652 612 615 450 433 47 208 690 231 995 410 344 14 126 1000 719 500 24 720 198 84 274 614 632 66 765 854 595 343 649 291 917 911 298 896 270 26 916 976 980 89 134 242 872 490 39 568 551 870 997 65 910 758 540 320 227 829 130 966 590 319 534 244 866 154 185 428 922 563 41 579 621 389 166 99 336 646 964 960 26
148 332 409 212 913 735 489 592 746 328 330 928 901 982 400 671 172 894 116 16 726 140 986 121 110 987 340 215 644 225 808 550 300 751 210 350 544 517 909 109 16 468 860 110 423 652 919 426 999 214 990 600 972 290 413 745 359 412 165 844 551 599 711 485 1000 154 575 331 873 421 745 404 752 642 768 42 983 83 171 668 471 9 667 456 527 723 723 935 6 220 351 302 590 723 599 846 522 764 44 130 43 375 329 840 402
514 562 900 327 700 802 487 948 762 310 110 973 955 788 943 782 844 191 404 991 11 539 685 243 15 391 422 674 828 284 478 773 703 4 632 786 451 808 666 166 854 102 157 470 50 916 262 485 972 93 338 285 504 70 132 984 694 347 270 652 616 288 417 693 125 731 999 245 951 317 995 241 454 924 547 962 990 781 410 623 673 97 394 945 327 120 375 351 433 295 525 560 370 274 827 120 181 128 651 424 45 182 708 954 29 25 372 630 279 890 935 96 440 684 79 904 576 490 817 481 870 98 791 75 584 262 294 968 750 678
196 882 405 777 896 240 171 899 155 974 674 175 545 545 792 548 380 33 509 573 895 479 571 240 255 530 389 169 515 95 177 677 954 422 259 841 772 579 698 898 706 778 813 526 143 189 361 222 833 88 654 879 424 333 598 107 877 728 267 364 786 916 3 360 335 522 344 222 435 578 361 847 862 351 816 69 160 685 519 82 158 819 562 516 701 74 429 694 195 175 809 402 894 13 878 118 512 493 774 88 608 622 213 553 429 229 591 406 949 146 795 524 825 747 551 153 425 136 370 55 673 950 540 204
149 269 960 751 470 398 519 648 717 339 908 740 202 710 442 889 995 993 217 894 81 70 976 490 385 797 213 98 461 754 659 422 576 139 533 853 11 513 169 986 741 105 26 329 324 483 64 462 998 338 342 455 197 494 112 192 365 664 767 876 204 740 597 225 510 473 131 226 120 146 925 670 37 797 639 879 548 855 122 732 976 979 879 221 16 427 763 100 577 426 630 701 805 148 690 936 653 64 852 862 601 149 555 611 239 58 543 166 56 564 199
772 573 911 904 284 931 683 194 688 37 653 172 689 188 554 329 816 311 292 666 731 231 742 911 519 715 608 684 577 744 138 21 865 551 411 731 743 485 662 219 854 669 20 901 18 973 685 666 370 572 658 325 542 47 939 125 134 880 428 862 474 431 914 603 388 857 968 753 290 985 354 424 814 822 479 471 661 391 591 789 728 595 696 999 194 584 27 692 171 856 33 759 335 284 466 480 612 691 106 503 643 639 797 719 218 717 871 210 587
127 354 942 620 814 651 17 989 782 426 779 989 866 591 136 809 849 567 719 56 599 828 585 89 123 70 951 592 371 322 554 735 85 511 307 242 226 511 645 214 474 178 125 173 280 896 786 302 908 601 220 700 768 496 965 176 974 160 777 653 497 364 544 105 835 276 72 597 961 450 937 273 690 233 694 784 27 920 344 686 508 248 337 365 924 963 828 602 55 203 378 153 775 495 555 875 392 652 904 247 995 213 976 514 294 595 970 941 807 445 421 375 927 496 789 581 686 925 71 992 182 107 422 447 871 744 459 321 34 956 760 429 856 873 28 95 252 103 508 846 524 86 313 411 971 553 909 311 96 332 189 341 427 567 138 933 918 175 639
829 775 885 689 982 85 590 272 935 390 429 968 662 49 329 452 788 636 229 746 948 814 300 103 530 196 921 753 864 549 312 593 636 994 387 375 869 209 210 737 316 889 812 431 308 518 549 364 323 700 998 426 697 11 933 434 372 403 820 316 970 406 649 825 972 313 936 479 10 671 24 571 606 891 925 803 815 364 77 602 302 326 976 906 717 533 560 304 592 145 346 57 534 332 817 659 851 819 248 742 553
37 434 914 554 464 811 200 807 976 200 684 148 330 763 347 147 691 107 552 494 684 297 749 860 176 334 912 771 19 671 346 978 359 871 878 292 214 35 89 571 239 111 1000 421 763 627 802 30 797 862 458 678 300 107 652 667 232 786 721 667 467 871 716 13 436 327 38 431 235 884 128 759 993 167 408 596 552 953 436 855 358 762 275 299 378 296 173 462 140 532 194 747 413 81 749 792 489 570 831 912 511
621 158 131 184 444 648 748 238 128 685 16 426 895 855 25 374 688 217 383 424 145 58 986 19 363 562 457 621 201 454 425 476 395 150 338 686 895 219 212 734 247 17 628 286 871 146 966 913 138 953 594 312 661 192 991 83 682 147 17 910 184 303 941 471 808 201 158 525 650 417 925 56 47 597 170 749 6 987 573 145 21 787 893 985 483 977 282 353 316 645 209 127 140 783 458 847 58 486 938 105 672 984 374 788 761 711 480 997 920 64 706 721 164 266 506 48 359 852 473 847 918 807 280 900 752 583 669 418 640 856 306 178 734 579 703 712
471 357 803 84 264 669 918 592 826 595 456 636 5 364 543 551 45 615 293 346 620 239 498 806 994 786 573 43 640 271 804 99 968 110 913 671 212 526 314 514 96 148 500 956 143 120 154 122 646 211 441 501 366 226 494 966 582 506 175 727 430 126 38 262 316 502 19 489 942 940 169 23 902 662 860 759 70 818 937 678 858 768 154 949 798 333 470 885 399 728 949 384 937 79 556 536 959 971 664 12 600 454 916 971 166 248 623 536 179 319 600 941 150 358 336 985 70 874 421 413 34 353 926 195 830 832 395 531 347 829 774 983 488 233 285 692 276 389 316 765 659 123 861 325 78 587 455 282 503 526 420 19 656 742 762 283 255 369 280 425 308 296 792 258 640 347 834 575 66 858 838 145 530 249 638 317 841 191 595 287 34 717 399 484 889 358 442 696 290 830
66 647 478 311 440 948 962 178 916 946 412 97 965 685 281 280 51 599 953 430 448 595 565 363 747 746 778 24 630 557 960 192 307 555 281 498 325 454 901 289 481 689 247 760 572 825 547 194 102 624 525 647 893 908 508 501 328 421 385 746 300 503 941 424 880 705 353 219 260 833 383 952 759 881 925 797 356 249 920 603 702 769 760 529 953 728 298 446 777 540 210 902 718 183 558 82 909 745 726 126 561 547 213 614 640 345 960 281 131 990 596 906 654 517 209 774 214 289 7 400 129 805 701 603 164 189 339 643 794 656 490 553 776 508 781 470 85 926 935 299 473 482 375 414 588 448 173 929 109 605 402 378 50 610 454 358 864 314 804 26 488 622 247 668 685 52 893 5 684 913 717 830 390 607 694 126 371 6 111 851 751 161 721 941 175 14 248 67 60 695 323 230 782 861 197 184
981 43 46 967 146 802 3 130 97 629 287 939 592 651 80 821 614 48 207 717 635 953 186 327 414 572 676 996 719 213 360 711 995 424 212 225 687 901 544 838 738 128 63 563 495 235 110 692 645 922 945 441 982 861 154 128 400 10 400 289 831 195 540 345 360 927 371 986 684 305 620 189 346 87 219 544 717 47 553 852 903 324 106 686 789 658 636 237 140 452 961 957 648 303 667 389 314 895 758 225 360 431 514 121 112 962 897 399 191 661 788 16 967 909 317 709 774 867 789 526 675 29 473 338 631 896 171 463 168 157 252 416 233 327 856 114 253 481 776 946
467 879 289 45 463 805 502 258 432 373 340 459 907 466 915 511 491 336 333 517 684 833 164 979 183 714 536 115 40 291 452 493 656 655 686 627 89 513 791 929 656 833 594 952 281 213 517 580 477 932 168 646 681 651 874 735 839 616 675 663 1 289 742 918 62 67 660 676 827 638 675 517 34 66 609 528 872 517 858 204 394 100 668 137 974 374 864 199 909 324 13 71 833 444 166 369 313 483 934 593 1 858 400 697 234 559 414 617 906 966 2 10 547 297 480 306 347 566 294 203 913 704 961 436 594 215 117 999 46 970 741 176 671 219 731 295 75 424 768 812 573 898 953 906 918 40 266 685 939 555 508 931 494 82 603 743 37 492 960 29 497 380
233 790 557 208 516 306 897 247 788 743 519 860 685 217 377 731 613 445 957 167 286 847 700 43 189 360 372 719 221 614 431 334 537 447 686 835 957 367 525 639 155 785 788 634 483 618 929 543 127 271 866 776 578 953 664 346 677 461 949 180 953 193 904 335 104 409 445 23 52 206 553 325 27 914 53 715 682 645 727 186 949 990 4 901 961 754 633 668 30 285 495 297 125 628 910 47 906 270 432 405 66 525 515 682 367 152 638 719 283 225 107 885 601 744 642 80 798 283 173 194 420 195 963 495 320 928 29 452 744 937 943 977 349 229 638 536 246 906 36 178 272 480 944 735 10 23 379 988 1000 788 937 116 23 764 980 875 598 47 492 191 163 478 617 568
797 578 777 554 227 156 212 440 579 349 617 972 187 998 920 6 505 967 593 192 447 942 493 654 18 289 168 345 569 821 376 251 830 686 136 433 129 431 296 240 528 69 294 996 451 945 614 996 639 962 937 479 121 982 105 437 641 751 663 450 777 558 25 723 15 31 275 643 241 121 675 734 46 357 869 357 264 303 442 260 82 911 13 850 651 959 493 391 423 893 96 534 8 505 435 588 931 222 594 227 313 468 480 774 5 761 81 300 814 678 928 764 964 567 556 412 200 238 325 618 950 738 705 69 579 460 999 315 323 216 827 552 225 791 81
663 272 488 934 148 967 34 692 56 808 535 172 489 409 174 913 455 210 351 493 691 536 219 304 644 152 136 505 169 81 231 362 241 888 106 180 306 661 982 598 774 644 664 933 364 283 760 440 364 967 767 162 134 74 362 741 773 484 775 647 569 808 63 513 865 409 25 777 172 193 420 45 845 369 734 699 740 403 965 813 624 311 826 65 859 679 733 748 160 75 792 103 46 811 460 330 974 760 350 240 751 325 837
832 698 235 322 105 648 642 686 859 71 838 844 551 5 1 68 568 370 886 628 745 328 922 215 152 48 828 780 445 297 384 629 868 985 731 782 917 883 88 297 269 986 414 744 450 360 910 837 829 648 764 725 440 295 621 603 226 424 550 911 928 760 53 870 693 134 791 708 819 687 973 230 933 954 632 484 465 84 560 308 305 91 614 974 387 894 959 515 473 281 710 69 558 193 524 85 651 922 517 583 838 949 776 803 45 912 370 682 364 127 967 324 951 747 97 258 638 368 612 290 644 448 747 640 431 440 400 286 195 41 500 945 617 867 117 328 277 141 621 264 822 999 813 566 691 863 68 891 873 65 109 754 899 555 382 907 151 925 637 471 988 463 271 940 963 357 380 912 889 860 48 699
756 536 452 847 611 740 13 339 275 44 491 861 530 372 489 601 596 789 793 60 702 66 851 530 815 319 452 94 436 207 656 521 8 672 648 946 85 739 567 171 786 128 191 499 715 825 357 108 575 360 894 438 894 67 516 822 817 486 402 954 857 458 411 122 132 134 228 925 706 600 928 68 436 203 768 519 606 85 429 814 14 836 650 549 405 510 210 347 471 197 500 186 642 122 873 490 493 176 806 388 253 888 150 802 897 531 603 578 80 123 590 152 9 338 589 720 269 968 657 727 681 361 803 647 541 338 124 763 166 772 324 150 204 954 577 106 669 386 118 823 423 707 522 868
